u = [zeros(30,1);100*ones(30,1);zeros(30,1);200*ones(30,1);zeros(30,1);250*ones(100,1);zeros(50,1);350*ones(150,1);zeros(50,1);400*ones(100,1);zeros(50,1);450*ones(100,1);zeros(100,1);500*ones(100,1);zeros(50,1);550*ones(150,1);zeros(50,1);600*ones(100,1);zeros(50,1);650*ones(100,1);zeros(100,1);700*ones(50,1);zeros(100,1);750*ones(50,1);zeros(50,1)]
u_stat = [0;100;200;250;300;350;400;450;500;550;600;700;750]
y_stat = [0;  0;  0;  0; 42; 67; 80; 95;110;120;130;160;170]